4 -1
19 -1
13 -1
19 -1
19 -1
19 -1
19 -1
2 -1
19 -1
0 0
17 -1
19 -1
19 -1
19 -1
19 -1
3 -1
19 -1
0 1
17 -1
14 -1
19 -1
0 5
17 -1
2 -1
19 -1
0 2
18 -1
0 3
18 -1
0 4
17 -1
0 5
11 -1
0 0
12 -1
31 -1
1 1
17 -1
0 5
11 -1
0 1
12 -1
31 -1
1 0
17 -1
0 2
31 -1
1 4
17 -1
0 3
31 -1
1 1
17 -1
8 -1
15 -1
0 3
25 -1
1 3
16 -1
19 -1
19 -1
19 -1
19 -1
9 -1
15 -1
0 3
16 -1
17 -1
0 4
31 -1
15 -1
0 5
11 -1
0 0
12 -1
20 -1
15 -1
0 2
19 -1
21 -1
19 -1
1 3
16 -1
16 -1
19 -1
22 -1
19 -1
0 3
17 -1
6 -1
15 -1
19 -1
0 4
27 -1
1 2
16 -1
13 -1
19 -1
19 -1
19 -1
19 -1
10 -1
15 -1
0 4
16 -1
17 -1
19 -1
19 -1
19 -1
19 -1
10 -1
15 -1
0 5
11 -1
0 1
12 -1
16 -1
17 -1
14 -1
7 -1
19 -1
19 -1
19 -1
19 -1
10 -1
15 -1
0 4
16 -1
17 -1
